compute_time_seconds: 40.28668737411499
compute_time_minutes: 0.6714447895685832
