compute_time_seconds: 3.7292065620422363
compute_time_minutes: 0.062153442700703936
