plot_modes: false
resolution: 20
compute_time_seconds: 161.9510943889618
compute_time_minutes: 2.6991849064826967
