compute_time_seconds: 49.33785367012024
compute_time_minutes: 0.8222975611686707
