compute_time_seconds: 35.305633783340454
compute_time_minutes: 0.5884272297223408
