compute_time_seconds: 6.199151277542114
compute_time_minutes: 0.10331918795903523
