plot_modes: false
resolution: 10
compute_time_seconds: 89.44101357460022
compute_time_minutes: 1.4906835595766703
