compute_time_seconds: 93.55464458465576
compute_time_minutes: 1.5592440764109294
