compute_time_seconds: 74.00017499923706
compute_time_minutes: 1.2333362499872844
