plot_modes: false
resolution: 10
compute_time_seconds: 328.1761336326599
compute_time_minutes: 5.4696022272109985
