settings:
  fiber_angle_deg: 15
compute_time_seconds: 395.89017963409424
compute_time_minutes: 6.598169660568237
