settings:
  fiber_angle_deg: 15.01
compute_time_seconds: 426.6261622905731
compute_time_minutes: 7.110436038176219
