settings:
  fiber_angle_deg: 15
compute_time_seconds: 354.86327958106995
compute_time_minutes: 5.914387993017832
