settings:
  fiber_angle_deg: 20
compute_time_seconds: 548.4566729068756
compute_time_minutes: 9.140944548447926
