is_3d: false
fiber_angle_deg: 15
fiber_xoffset: -2
compute_time_seconds: 75.08255219459534
compute_time_minutes: 1.2513758699099222
