is_3d: false
fiber_angle_deg: 8
fiber_xoffset: 5
compute_time_seconds: 48.19657254219055
compute_time_minutes: 0.8032762090365092
