is_3d: false
fiber_angle_deg: 20
fiber_xoffset: -5
compute_time_seconds: 167.7715072631836
compute_time_minutes: 2.7961917877197267
