is_3d: false
fiber_angle_deg: 5
fiber_xoffset: 2
compute_time_seconds: 83.79739999771118
compute_time_minutes: 1.3966233332951863
