is_3d: false
fiber_angle_deg: 8
fiber_xoffset: 0
compute_time_seconds: 70.85182356834412
compute_time_minutes: 1.1808637261390686
