is_3d: false
fiber_angle_deg: 20
fiber_xoffset: 10
compute_time_seconds: 3.2664005756378174
compute_time_minutes: 0.054440009593963626
