is_3d: false
fiber_angle_deg: -5
fiber_xoffset: 5
compute_time_seconds: 72.67639136314392
compute_time_minutes: 1.211273189385732
