is_3d: false
fiber_angle_deg: 5
fiber_xoffset: 0
compute_time_seconds: 123.70191931724548
compute_time_minutes: 2.0616986552874246
