is_3d: false
fiber_angle_deg: 7
compute_time_seconds: 44.39949870109558
compute_time_minutes: 0.7399916450182596
