is_3d: false
fiber_angle_deg: 7
compute_time_seconds: 68.99465012550354
compute_time_minutes: 1.149910835425059
