is_3d: false
fiber_angle_deg: -20
fiber_xoffset: -22
compute_time_seconds: 83.49651193618774
compute_time_minutes: 1.3916085322697958
