is_3d: false
fiber_angle_deg: 5
compute_time_seconds: 3.3733556270599365
compute_time_minutes: 0.056222593784332274
