is_3d: false
fiber_angle_deg: 6
fiber_xoffset: 0
compute_time_seconds: 1.814924716949463
compute_time_minutes: 0.03024874528249105
