is_3d: false
fiber_angle_deg: -20
fiber_xoffset: 5
compute_time_seconds: 72.36966681480408
compute_time_minutes: 1.206161113580068
