is_3d: false
fiber_angle_deg: 20
fiber_xoffset: -5
compute_time_seconds: 128.7556791305542
compute_time_minutes: 2.145927985509237
