is_3d: false
fiber_angle_deg: 15
fiber_xoffset: 5
compute_time_seconds: 87.56468439102173
compute_time_minutes: 1.4594114065170287
