is_3d: false
fiber_angle_deg: 7
compute_time_seconds: 80.622878074646
compute_time_minutes: 1.3437146345774333
