is_3d: false
fiber_angle_deg: 5
compute_time_seconds: 1.4631524085998535
compute_time_minutes: 0.024385873476664224
