is_3d: false
fiber_angle_deg: -15
fiber_xoffset: 2
compute_time_seconds: 78.04716038703918
compute_time_minutes: 1.3007860064506531
