is_3d: false
fiber_angle_deg: 20
fiber_xoffset: 10
compute_time_seconds: 49.813453674316406
compute_time_minutes: 0.8302242279052734
