is_3d: false
fiber_angle_deg: 20
fiber_xoffset: 0
compute_time_seconds: 49.64567255973816
compute_time_minutes: 0.8274278759956359
