is_3d: false
compute_time_seconds: 53.16400861740112
compute_time_minutes: 0.8860668102900188
