is_3d: false
fiber_angle_deg: -20
fiber_xoffset: -7
compute_time_seconds: 70.92852902412415
compute_time_minutes: 1.182142150402069
