is_3d: false
fiber_angle_deg: -20
fiber_xoffset: -16
compute_time_seconds: 69.52203679084778
compute_time_minutes: 1.1587006131807962
