is_3d: false
fiber_angle_deg: -20
fiber_xoffset: -5
compute_time_seconds: 72.88541293144226
compute_time_minutes: 1.2147568821907044
