is_3d: false
fiber_angle_deg: 5
fiber_xoffset: 1
compute_time_seconds: 44.22864508628845
compute_time_minutes: 0.7371440847714742
