is_3d: false
fiber_angle_deg: -20
fiber_xoffset: 0
compute_time_seconds: 81.35740303993225
compute_time_minutes: 1.3559567173322042
