is_3d: false
fiber_angle_deg: -15
fiber_xoffset: 5
compute_time_seconds: 102.33468270301819
compute_time_minutes: 1.705578045050303
