is_3d: false
fiber_angle_deg: 20
fiber_xoffset: -5
compute_time_seconds: 3.2809462547302246
compute_time_minutes: 0.054682437578837076
