is_3d: false
fiber_angle_deg: -5
fiber_xoffset: 0
compute_time_seconds: 77.03063750267029
compute_time_minutes: 1.283843958377838
