is_3d: false
fiber_angle_deg: 5
fiber_xoffset: -5
compute_time_seconds: 45.62704539299011
compute_time_minutes: 0.7604507565498352
