is_3d: false
fiber_angle_deg: -20
fiber_xoffset: -19
compute_time_seconds: 90.38393449783325
compute_time_minutes: 1.506398908297221
