is_3d: false
fiber_angle_deg: 20
fiber_xoffset: -10
compute_time_seconds: 3.0124387741088867
compute_time_minutes: 0.05020731290181478
