is_3d: false
fiber_angle_deg: 5
fiber_xoffset: 5
compute_time_seconds: 90.93424844741821
compute_time_minutes: 1.5155708074569703
