is_3d: false
fiber_angle_deg: 20
fiber_xoffset: 10
compute_time_seconds: 148.25866556167603
compute_time_minutes: 2.470977759361267
