is_3d: false
fiber_angle_deg: 5
compute_time_seconds: 3.206636428833008
compute_time_minutes: 0.05344394048055013
