is_3d: false
fiber_angle_deg: 20
fiber_xoffset: 0
compute_time_seconds: 3.2160286903381348
compute_time_minutes: 0.05360047817230225
