is_3d: false
fiber_angle_deg: -5
fiber_xoffset: 5
compute_time_seconds: 86.09302711486816
compute_time_minutes: 1.4348837852478027
