is_3d: false
fiber_angle_deg: -5
compute_time_seconds: 136.02506947517395
compute_time_minutes: 2.2670844912528993
