is_3d: false
fiber_angle_deg: 5
fiber_xoffset: 0
compute_time_seconds: 80.16537594795227
compute_time_minutes: 1.3360895991325379
