is_3d: false
fiber_angle_deg: -5
fiber_xoffset: 2
compute_time_seconds: 60.57618832588196
compute_time_minutes: 1.0096031387646993
