is_3d: false
fiber_angle_deg: 0
compute_time_seconds: 96.50301146507263
compute_time_minutes: 1.6083835244178772
