is_3d: false
fiber_angle_deg: 20
fiber_xoffset: 5
compute_time_seconds: 92.38375854492188
compute_time_minutes: 1.5397293090820312
