is_3d: false
fiber_angle_deg: 5
fiber_xoffset: 5
compute_time_seconds: 95.78254699707031
compute_time_minutes: 1.5963757832845051
