is_3d: false
fiber_angle_deg: -5
fiber_xoffset: -5
compute_time_seconds: 74.63534927368164
compute_time_minutes: 1.243922487894694
