is_3d: false
fiber_angle_deg: 5
fiber_xoffset: -5
compute_time_seconds: 79.0145423412323
compute_time_minutes: 1.3169090390205382
