is_3d: false
fiber_angle_deg: 8
compute_time_seconds: 156.49689030647278
compute_time_minutes: 2.60828150510788
