is_3d: false
fiber_angle_deg: 5
compute_time_seconds: 42.50316381454468
compute_time_minutes: 0.7083860635757446
