is_3d: false
fiber_angle_deg: -5
fiber_xoffset: -2
compute_time_seconds: 70.45403337478638
compute_time_minutes: 1.174233889579773
