is_3d: false
fiber_angle_deg: 3
compute_time_seconds: 118.60834312438965
compute_time_minutes: 1.9768057187398276
