is_3d: false
fiber_angle_deg: 20
fiber_xoffset: 4
compute_time_seconds: 75.73668622970581
compute_time_minutes: 1.26227810382843
