is_3d: false
fiber_angle_deg: -20
compute_time_seconds: 2.0966241359710693
compute_time_minutes: 0.03494373559951782
