is_3d: false
fiber_angle_deg: -15
fiber_xoffset: 0
compute_time_seconds: 73.09218430519104
compute_time_minutes: 1.218203071753184
