is_3d: false
fiber_angle_deg: 20
fiber_xoffset: -10
compute_time_seconds: 161.6870276927948
compute_time_minutes: 2.694783794879913
