is_3d: false
fiber_angle_deg: 3
compute_time_seconds: 93.4385416507721
compute_time_minutes: 1.5573090275128683
