is_3d: false
fiber_angle_deg: 5
fiber_xoffset: -5
compute_time_seconds: 92.30238604545593
compute_time_minutes: 1.538373100757599
