is_3d: false
fiber_angle_deg: -20
fiber_xoffset: -5
compute_time_seconds: 68.73511075973511
compute_time_minutes: 1.1455851793289185
