is_3d: false
fiber_angle_deg: 8
compute_time_seconds: 143.18182802200317
compute_time_minutes: 2.3863638003667194
