is_3d: false
fiber_angle_deg: 20
fiber_xoffset: 0
compute_time_seconds: 73.64153623580933
compute_time_minutes: 1.2273589372634888
