is_3d: false
fiber_angle_deg: 5
compute_time_seconds: 71.1840329170227
compute_time_minutes: 1.186400548617045
