is_3d: false
fiber_angle_deg: 5
fiber_xoffset: 0
compute_time_seconds: 44.90744161605835
compute_time_minutes: 0.7484573602676392
