is_3d: false
fiber_angle_deg: 20
fiber_xoffset: 2
compute_time_seconds: 80.22399830818176
compute_time_minutes: 1.337066638469696
