is_3d: false
fiber_angle_deg: 6
fiber_xoffset: -5
compute_time_seconds: 94.66612124443054
compute_time_minutes: 1.5777686874071757
