wavelength_start: 1.4
wavelength_stop: 1.7
compute_time_seconds: 117.49122977256775
compute_time_minutes: 1.9581871628761292
