is_3d: false
fiber_angle_deg: -5
fiber_xoffset: -2
compute_time_seconds: 73.99770331382751
compute_time_minutes: 1.2332950552304587
