is_3d: false
fiber_angle_deg: -5
fiber_xoffset: 2
compute_time_seconds: 73.02083110809326
compute_time_minutes: 1.2170138518015543
