is_3d: false
fiber_angle_deg: 3
compute_time_seconds: 144.65283751487732
compute_time_minutes: 2.4108806252479553
