is_3d: false
fiber_angle_deg: -5
fiber_xoffset: 2
compute_time_seconds: 72.0256335735321
compute_time_minutes: 1.200427226225535
