is_3d: false
fiber_angle_deg: 6
fiber_xoffset: 5
compute_time_seconds: 138.6884183883667
compute_time_minutes: 2.3114736398061115
