is_3d: false
fiber_angle_deg: 7
compute_time_seconds: 92.80990099906921
compute_time_minutes: 1.5468316833178202
