is_3d: false
fiber_angle_deg: 4
compute_time_seconds: 1.961676836013794
compute_time_minutes: 0.03269461393356323
