is_3d: false
fiber_angle_deg: 20
fiber_xoffset: 5
compute_time_seconds: 82.30181646347046
compute_time_minutes: 1.371696941057841
