is_3d: false
fiber_angle_deg: 5
fiber_xoffset: 5
compute_time_seconds: 40.851993560791016
compute_time_minutes: 0.680866559346517
