is_3d: false
fiber_angle_deg: -20
fiber_xoffset: 5
compute_time_seconds: 70.35233664512634
compute_time_minutes: 1.172538944085439
