is_3d: false
fiber_angle_deg: -20
fiber_xoffset: -10
compute_time_seconds: 79.45422601699829
compute_time_minutes: 1.3242371002833049
