is_3d: false
fiber_angle_deg: 15
compute_time_seconds: 82.57750177383423
compute_time_minutes: 1.3762916962305705
