is_3d: false
compute_time_seconds: 116.96170830726624
compute_time_minutes: 1.949361805121104
