is_3d: false
fiber_angle_deg: 20
fiber_xoffset: -5
compute_time_seconds: 2.9988772869110107
compute_time_minutes: 0.049981288115183514
