is_3d: false
fiber_angle_deg: -5
fiber_xoffset: 0
compute_time_seconds: 1.8688361644744873
compute_time_minutes: 0.031147269407908122
