is_3d: false
fiber_angle_deg: 15
fiber_xoffset: 0
compute_time_seconds: 86.29018688201904
compute_time_minutes: 1.438169781366984
