is_3d: false
fiber_angle_deg: 8
fiber_xoffset: 5
compute_time_seconds: 75.41567063331604
compute_time_minutes: 1.2569278438886007
