is_3d: false
fiber_angle_deg: 5
fiber_xoffset: 5
compute_time_seconds: 114.26785969734192
compute_time_minutes: 1.904464328289032
