is_3d: false
fiber_angle_deg: 20
fiber_xoffset: 5
compute_time_seconds: 3.2712438106536865
compute_time_minutes: 0.05452073017756144
