is_3d: false
fiber_angle_deg: 15
fiber_xoffset: 2
compute_time_seconds: 73.25827884674072
compute_time_minutes: 1.2209713141123453
