is_3d: false
fiber_angle_deg: 20
fiber_xoffset: -4
compute_time_seconds: 69.85750484466553
compute_time_minutes: 1.164291747411092
