is_3d: false
fiber_angle_deg: 15
fiber_xoffset: -5
compute_time_seconds: 77.63234448432922
compute_time_minutes: 1.2938724080721538
