is_3d: false
fiber_angle_deg: 5
fiber_xoffset: 0
compute_time_seconds: 50.8038113117218
compute_time_minutes: 0.8467301885286967
