is_3d: false
fiber_angle_deg: 20
fiber_xoffset: -2
compute_time_seconds: 76.80647349357605
compute_time_minutes: 1.280107891559601
