is_3d: false
fiber_angle_deg: -15
fiber_xoffset: -2
compute_time_seconds: 85.18761205673218
compute_time_minutes: 1.4197935342788697
