is_3d: false
fiber_angle_deg: 6
compute_time_seconds: 1.9422354698181152
compute_time_minutes: 0.032370591163635255
