is_3d: false
fiber_angle_deg: 7
compute_time_seconds: 1.471186876296997
compute_time_minutes: 0.02451978127161662
