is_3d: false
fiber_angle_deg: -20
fiber_xoffset: -13
compute_time_seconds: 86.07348942756653
compute_time_minutes: 1.4345581571261088
