is_3d: false
fiber_angle_deg: 5
fiber_xoffset: -5
compute_time_seconds: 83.57993531227112
compute_time_minutes: 1.3929989218711853
