is_3d: false
fiber_angle_deg: -15
fiber_xoffset: -5
compute_time_seconds: 72.74105668067932
compute_time_minutes: 1.2123509446779888
