is_3d: false
fiber_angle_deg: 5
fiber_xoffset: 0
compute_time_seconds: 157.92222332954407
compute_time_minutes: 2.6320370554924013
