is_3d: false
fiber_angle_deg: 10
compute_time_seconds: 106.10298991203308
compute_time_minutes: 1.7683831652005513
