is_3d: false
fiber_angle_deg: 3
compute_time_seconds: 43.37810182571411
compute_time_minutes: 0.7229683637619019
