is_3d: false
fiber_angle_deg: 6
fiber_xoffset: 10
compute_time_seconds: 91.76271438598633
compute_time_minutes: 1.5293785730997722
