is_3d: false
fiber_angle_deg: 8
fiber_xoffset: -5
compute_time_seconds: 61.84172701835632
compute_time_minutes: 1.0306954503059387
