is_3d: false
fiber_angle_deg: 20
fiber_xoffset: -10
compute_time_seconds: 105.18431758880615
compute_time_minutes: 1.7530719598134359
