is_3d: false
fiber_angle_deg: 20
fiber_xoffset: 1
compute_time_seconds: 45.74980092048645
compute_time_minutes: 0.7624966820081075
