wavelength_start: 1.52
wavelength_stop: 1.58
compute_time_seconds: 123.58017063140869
compute_time_minutes: 2.059669510523478
