is_3d: false
fiber_angle_deg: 3
compute_time_seconds: 1.6741313934326172
compute_time_minutes: 0.02790218989054362
