is_3d: false
fiber_angle_deg: 20
fiber_xoffset: -10
compute_time_seconds: 3.5925590991973877
compute_time_minutes: 0.05987598498662313
