is_3d: false
fiber_angle_deg: -20
fiber_xoffset: 0
compute_time_seconds: 87.56037998199463
compute_time_minutes: 1.4593396663665772
