is_3d: false
fiber_angle_deg: 20
fiber_xoffset: -10
compute_time_seconds: 94.49376249313354
compute_time_minutes: 1.5748960415522257
