is_3d: false
fiber_angle_deg: 3
compute_time_seconds: 41.84015202522278
compute_time_minutes: 0.6973358670870463
