is_3d: false
fiber_angle_deg: 8
fiber_xoffset: 0
compute_time_seconds: 1.2388534545898438
compute_time_minutes: 0.020647557576497395
