is_3d: false
fiber_angle_deg: 20
fiber_xoffset: -5
compute_time_seconds: 104.2071180343628
compute_time_minutes: 1.7367853005727132
