is_3d: false
fiber_angle_deg: 7
compute_time_seconds: 113.31639671325684
compute_time_minutes: 1.888606611887614
