is_3d: false
fiber_angle_deg: 20
fiber_xoffset: 0
compute_time_seconds: 95.18567371368408
compute_time_minutes: 1.586427895228068
