is_3d: false
fiber_angle_deg: 5
compute_time_seconds: 42.86380743980408
compute_time_minutes: 0.7143967906634013
