is_3d: false
fiber_angle_deg: 3
compute_time_seconds: 46.17029547691345
compute_time_minutes: 0.7695049246152242
