compute_time_seconds: 12.538484334945679
compute_time_minutes: 0.20897473891576132
