is_3d: false
fiber_angle_deg: -5
fiber_xoffset: -5
compute_time_seconds: 100.31912875175476
compute_time_minutes: 1.6719854791959128
