is_3d: false
fiber_angle_deg: 5
compute_time_seconds: 9.809531450271606
compute_time_minutes: 0.1634921908378601
