compute_time_seconds: 4.671638250350952
compute_time_minutes: 0.0778606375058492
