compute_time_seconds: 73.16070818901062
compute_time_minutes: 1.2193451364835104
