wavelength_start: 1.52
wavelength_stop: 1.58
port_margin: 0.9
compute_time_seconds: 27.02326726913452
compute_time_minutes: 0.4503877878189087
