compute_time_seconds: 63.81680774688721
compute_time_minutes: 1.0636134624481202
