wavelength_start: 1.52
wavelength_stop: 1.58
port_margin: 0.6
ymargin: 2
compute_time_seconds: 86.49747610092163
compute_time_minutes: 1.441624601682027
