wavelength_start: 1.4
wavelength_stop: 1.7
compute_time_seconds: 7.674464464187622
compute_time_minutes: 0.1279077410697937
