is_3d: true
compute_time_seconds: 77.13951468467712
compute_time_minutes: 1.2856585780779521
