wavelength_start: 1.52
wavelength_stop: 1.58
port_margin: 0.2
compute_time_seconds: 92.33779883384705
compute_time_minutes: 1.5389633138974508
