compute_time_seconds: 10.137064456939697
compute_time_minutes: 0.16895107428232828
