wavelength_start: 1.52
wavelength_stop: 1.58
compute_time_seconds: 88.91864371299744
compute_time_minutes: 1.481977395216624
