wavelength_start: 1.52
wavelength_stop: 1.58
is_3d: false
compute_time_seconds: 83.797536611557
compute_time_minutes: 1.3966256101926169
