compute_time_seconds: 126.27846097946167
compute_time_minutes: 2.104641016324361
