wavelength_start: 1.52
wavelength_stop: 1.58
port_margin: 0.3
ymargin: 2
compute_time_seconds: 92.32371139526367
compute_time_minutes: 1.5387285232543946
