compute_time_seconds: 192.53495264053345
compute_time_minutes: 3.208915877342224
