compute_time_seconds: 49.94426488876343
compute_time_minutes: 0.8324044148127238
