is_3d: false
compute_time_seconds: 108.14835786819458
compute_time_minutes: 1.8024726311365764
