compute_time_seconds: 83.02570247650146
compute_time_minutes: 1.383761707941691
