compute_time_seconds: 78.78887581825256
compute_time_minutes: 1.3131479303042093
