compute_time_seconds: 78.20481014251709
compute_time_minutes: 1.3034135023752849
