is_3d: false
compute_time_seconds: 56.006006717681885
compute_time_minutes: 0.9334334452946981
