is_3d: false
compute_time_seconds: 34.20280599594116
compute_time_minutes: 0.5700467665990193
