compute_time_seconds: 45.903897523880005
compute_time_minutes: 0.7650649587313334
