resolution: 30
is_3d: false
compute_time_seconds: 3.112635612487793
compute_time_minutes: 0.05187726020812988
