is_3d: true
compute_time_seconds: 5.9309000968933105
compute_time_minutes: 0.09884833494822184
