compute_time_seconds: 84.84299373626709
compute_time_minutes: 1.4140498956044516
