compute_time_seconds: 113.80198860168457
compute_time_minutes: 1.896699810028076
