is_3d: false
compute_time_seconds: 48.38746380805969
compute_time_minutes: 0.8064577301343282
