is_3d: false
compute_time_seconds: 73.90857195854187
compute_time_minutes: 1.2318095326423646
