compute_time_seconds: 3.517848014831543
compute_time_minutes: 0.05863080024719238
