compute_time_seconds: 37.599217653274536
compute_time_minutes: 0.6266536275545757
