resolution: 30
compute_time_seconds: 94.5486056804657
compute_time_minutes: 1.5758100946744282
