is_3d: false
compute_time_seconds: 36.67631149291992
compute_time_minutes: 0.611271858215332
