compute_time_seconds: 45.43357706069946
compute_time_minutes: 0.7572262843449911
