compute_time_seconds: 83.06018161773682
compute_time_minutes: 1.3843363602956136
