compute_time_seconds: 93.22272825241089
compute_time_minutes: 1.5537121375401814
