compute_time_seconds: 75.10726070404053
compute_time_minutes: 1.2517876784006754
