resolution: 30
compute_time_seconds: 1.8977222442626953
compute_time_minutes: 0.03162870407104492
