is_3d: false
compute_time_seconds: 53.7403519153595
compute_time_minutes: 0.8956725319226583
