compute_time_seconds: 80.82356452941895
compute_time_minutes: 1.3470594088236492
