compute_time_seconds: 123.28693056106567
compute_time_minutes: 2.054782176017761
