is_3d: true
compute_time_seconds: 59.40437698364258
compute_time_minutes: 0.9900729497273763
