compute_time_seconds: 194.10413789749146
compute_time_minutes: 3.2350689649581907
