is_3d: false
compute_time_seconds: 4.198395729064941
compute_time_minutes: 0.06997326215108236
