compute_time_seconds: 119.86406946182251
compute_time_minutes: 1.9977344910303751
