is_3d: true
compute_time_seconds: 5.811716556549072
compute_time_minutes: 0.09686194260915121
