compute_time_seconds: 78.26545524597168
compute_time_minutes: 1.304424254099528
