compute_time_seconds: 48.37579584121704
compute_time_minutes: 0.806263264020284
